t,LeadStep,y1,y2,y3,y4,y5,y6,y7,y8,y9,y10,y11,RowID,VarName,VarID
2019-01-03,1,0.3869277189,-0.002172613,-0.001246429,0.0048258519,-0.002241919,-0.001159633,-0.001231197,0.0027546319,-0.004348256,0.0080447318,0.0004434531,1,y1,1
2019-01-03,1,-0.002172613,0.3843861304,0.0009907165,0.0022406778,-0.00699227,0.0001555225,0.0046086364,-0.003919828,0.00257573,0.0053154906,-0.002329887,2,y2,2
2019-01-03,1,-0.001246429,0.0009907165,0.3731520631,0.002358473,-0.000169921,-0.001043733,-0.005355015,0.0091544902,0.0011470657,-0.003463393,0.0024651973,3,y3,3
2019-01-03,1,0.0048258519,0.0022406778,0.002358473,0.3818776704,0.000238759,0.0029158623,-0.006856188,-0.002069871,0.0063545154,-0.000394235,0.0028019048,4,y4,4
2019-01-03,1,-0.002241919,-0.00699227,-0.000169921,0.000238759,0.3837912831,-0.001965363,0.0004817578,0.0007401397,-0.007947586,0.003151953,-0.000128566,5,y5,5
2019-01-03,1,-0.001159633,0.0001555225,-0.001043733,0.0029158623,-0.001965363,0.3925408815,-0.002679072,0.0035199913,-0.004005189,-0.002783674,-0.002031131,6,y6,6
2019-01-03,1,-0.001231197,0.0046086364,-0.005355015,-0.006856188,0.0004817578,-0.002679072,0.3853497861,0.002946452,-0.007564784,0.0031593568,0.0051827732,7,y7,7
2019-01-03,1,0.0027546319,-0.003919828,0.0091544902,-0.002069871,0.0007401397,0.0035199913,0.002946452,0.3859094315,-0.005433376,0.0009182194,0.0002644778,8,y8,8
2019-01-03,1,-0.004348256,0.00257573,0.0011470657,0.0063545154,-0.007947586,-0.004005189,-0.007564784,-0.005433376,0.3738108062,-0.004090888,-0.001184854,9,y9,9
2019-01-03,1,0.0080447318,0.0053154906,-0.003463393,-0.000394235,0.003151953,-0.002783674,0.0031593568,0.0009182194,-0.004090888,0.4059387583,0.002913593,10,y10,10
2019-01-03,1,0.0004434531,-0.002329887,0.0024651973,0.0028019048,-0.000128566,-0.002031131,0.0051827732,0.0002644778,-0.001184854,0.002913593,0.3869807141,11,y11,11
2019-01-04,1,0.3451655313,-0.003984174,0.0011255499,0.0031334438,0.0000358276,-0.002228014,-0.00212286,0.0014379414,-0.003093887,0.0043142345,0.0011023282,12,y1,1
2019-01-04,1,-0.003984174,0.3386677603,0.0002787208,0.0020604534,-0.00351919,0.0016383652,0.0026212766,0.0008972051,0.0025497088,0.0026979688,-0.000832043,13,y2,2
2019-01-04,1,0.0011255499,0.0002787208,0.3380621842,0.0012287343,0.0007487479,0.0000316374,-0.004409378,0.0087508819,-0.000906249,-0.003701669,-0.000103151,14,y3,3
2019-01-04,1,0.0031334438,0.0020604534,0.0012287343,0.3397812941,0.0015281912,0.0018979077,-0.005272446,-0.001406659,0.005150942,0.0020074783,0.004016938,15,y4,4
2019-01-04,1,0.0000358276,-0.00351919,0.0007487479,0.0015281912,0.3395947452,-0.001675563,0.0014789445,-0.000120818,-0.009387501,0.0000865434,-0.0010871,16,y5,5
2019-01-04,1,-0.002228014,0.0016383652,0.0000316374,0.0018979077,-0.001675563,0.3418981942,-0.000318823,0.0007919438,-0.007075627,-0.002517504,-0.00257137,17,y6,6
2019-01-04,1,-0.00212286,0.0026212766,-0.004409378,-0.005272446,0.0014789445,-0.000318823,0.3383239522,0.0037421809,-0.005837737,0.0063925079,0.0070142586,18,y7,7
2019-01-04,1,0.0014379414,0.0008972051,0.0087508819,-0.001406659,-0.000120818,0.0007919438,0.0037421809,0.3425040352,-0.007157161,0.002635157,0.0027345611,19,y8,8
2019-01-04,1,-0.003093887,0.0025497088,-0.000906249,0.005150942,-0.009387501,-0.007075627,-0.005837737,-0.007157161,0.3310052431,-0.003263196,-0.00002136,20,y9,9
2019-01-04,1,0.0043142345,0.0026979688,-0.003701669,0.0020074783,0.0000865434,-0.002517504,0.0063925079,0.002635157,-0.003263196,0.3494399093,0.0028537081,21,y10,10
2019-01-04,1,0.0011023282,-0.000832043,-0.000103151,0.004016938,-0.0010871,-0.00257137,0.0070142586,0.0027345611,-0.00002136,0.0028537081,0.3485516759,22,y11,11
2019-01-07,1,0.3094254271,-0.002050796,0.002381082,0.0026264676,-0.001061136,-0.002140184,-0.002026325,0.0021316468,-0.003881778,0.0040034454,-0.000549145,23,y1,1
2019-01-07,1,-0.002050796,0.3057463797,0.0008000123,0.0017904633,-0.00375488,0.0002515797,0.0050465171,0.0001715211,0.0049984878,0.002673952,-0.001073229,24,y2,2
2019-01-07,1,0.002381082,0.0008000123,0.2996983348,0.0001946372,0.0004466081,0.0000952862,-0.003207829,0.0056556438,-0.00044849,-0.002616671,0.0023430648,25,y3,3
2019-01-07,1,0.0026264676,0.0017904633,0.0001946372,0.3051668918,0.0018009293,0.0023311908,-0.004063677,-0.000102285,0.002809182,-0.000453362,0.003729902,26,y4,4
2019-01-07,1,-0.001061136,-0.00375488,0.0004466081,0.0018009293,0.3086661398,-0.00243211,-0.000398896,-0.001098257,-0.006180687,0.0045179147,-0.002641463,27,y5,5
2019-01-07,1,-0.002140184,0.0002515797,0.0000952862,0.0023311908,-0.00243211,0.3098039071,-0.002191411,0.0039899576,-0.003592887,-0.000969099,-0.001242909,28,y6,6
2019-01-07,1,-0.002026325,0.0050465171,-0.003207829,-0.004063677,-0.000398896,-0.002191411,0.3063137772,0.0019194739,-0.005712499,0.0043387349,0.0059809477,29,y7,7
2019-01-07,1,0.0021316468,0.0001715211,0.0056556438,-0.000102285,-0.001098257,0.0039899576,0.0019194739,0.3091471151,-0.004710249,0.0025587793,0.0014757163,30,y8,8
2019-01-07,1,-0.003881778,0.0049984878,-0.00044849,0.002809182,-0.006180687,-0.003592887,-0.005712499,-0.004710249,0.2978673524,-0.003432839,-0.000470705,31,y9,9
2019-01-07,1,0.0040034454,0.002673952,-0.002616671,-0.000453362,0.0045179147,-0.000969099,0.0043387349,0.0025587793,-0.003432839,0.3148577071,0.00380537,32,y10,10
2019-01-07,1,-0.000549145,-0.001073229,0.0023430648,0.003729902,-0.002641463,-0.001242909,0.0059809477,0.0014757163,-0.000470705,0.00380537,0.3130276648,33,y11,11
2019-01-08,1,0.2774121613,-0.003157536,0.0030642809,0.0019360269,0.0001513945,-0.003104766,-0.002489658,0.0010739428,-0.002488408,0.0051865701,-0.00193978,34,y1,1
2019-01-08,1,-0.003157536,0.2790604884,0.0005024267,0.0011697447,-0.005063162,0.001622062,0.0050740475,-0.002804396,0.0035720806,0.0022837662,0.0009851088,35,y2,2
2019-01-08,1,0.0030642809,0.0005024267,0.2691432447,0.0001575334,0.0008907141,0.0000362214,-0.002902015,0.0059665076,0.0011012969,-0.002225419,0.0010468184,36,y3,3
2019-01-08,1,0.0019360269,0.0011697447,0.0001575334,0.2737907095,0.0005023688,0.0029618819,-0.003340512,-0.000272816,0.0031691146,-0.001017056,0.003358706,37,y4,4
2019-01-08,1,0.0001513945,-0.005063162,0.0008907141,0.0005023688,0.2775006057,-0.00284201,0.0018108519,0.0002332533,-0.005215995,0.0014365703,-0.00160534,38,y5,5
2019-01-08,1,-0.003104766,0.001622062,0.0000362214,0.0029618819,-0.00284201,0.2812660757,-0.000963579,0.003805814,-0.004115181,-0.002395865,-0.003063979,39,y6,6
2019-01-08,1,-0.002489658,0.0050740475,-0.002902015,-0.003340512,0.0018108519,-0.000963579,0.2806835097,0.0029430145,-0.005512321,0.0030782735,0.0074829108,40,y7,7
2019-01-08,1,0.0010739428,-0.002804396,0.0059665076,-0.000272816,0.0002332533,0.003805814,0.0029430145,0.2768791751,-0.003619649,0.003793495,0.0011298685,41,y8,8
2019-01-08,1,-0.002488408,0.0035720806,0.0011012969,0.0031691146,-0.005215995,-0.004115181,-0.005512321,-0.003619649,0.267205597,-0.002170399,-0.000885773,42,y9,9
2019-01-08,1,0.0051865701,0.0022837662,-0.002225419,-0.001017056,0.0014365703,-0.002395865,0.0030782735,0.003793495,-0.002170399,0.2889153536,0.0035531385,43,y10,10
2019-01-08,1,-0.00193978,0.0009851088,0.0010468184,0.003358706,-0.00160534,-0.003063979,0.0074829108,0.0011298685,-0.000885773,0.0035531385,0.2879057956,44,y11,11
2019-01-09,1,0.2551546022,-0.003177158,0.0028569167,0.0018660121,-0.001598906,-0.002473517,-0.004284478,0.0011980177,-0.00315757,0.0042143061,-0.000630985,45,y1,1
2019-01-09,1,-0.003177158,0.2498632744,0.000984706,0.0029829792,-0.004064845,0.0018323354,0.0037619571,-0.000299229,0.0024635878,0.0028855698,-0.000383703,46,y2,2
2019-01-09,1,0.0028569167,0.000984706,0.2484271714,-0.000561547,0.0002370245,0.0007129548,-0.002160854,0.0059901401,-0.000053092,-0.0004601,0.0019395794,47,y3,3
2019-01-09,1,0.0018660121,0.0029829792,-0.000561547,0.2497245852,0.0011367187,0.0005764721,-0.003486959,-0.000032905,0.0046322596,-0.000886296,0.0024036046,48,y4,4
2019-01-09,1,-0.001598906,-0.004064845,0.0002370245,0.0011367187,0.253718223,-0.001992316,0.0003839662,0.0002057933,-0.005139041,0.0004077862,-0.000543891,49,y5,5
2019-01-09,1,-0.002473517,0.0018323354,0.0007129548,0.0005764721,-0.001992316,0.2568416556,-0.00231814,0.0014605423,-0.002492434,-0.001548118,-0.000376304,50,y6,6
2019-01-09,1,-0.004284478,0.0037619571,-0.002160854,-0.003486959,0.0003839662,-0.00231814,0.2584153751,0.0029608974,-0.004372197,0.0025661936,0.0071415162,51,y7,7
2019-01-09,1,0.0011980177,-0.000299229,0.0059901401,-0.000032905,0.0002057933,0.0014605423,0.0029608974,0.2520532606,-0.003620746,0.0022414331,0.0011846614,52,y8,8
2019-01-09,1,-0.00315757,0.0024635878,-0.000053092,0.0046322596,-0.005139041,-0.002492434,-0.004372197,-0.003620746,0.2447240066,-0.001658708,-0.000062588,53,y9,9
2019-01-09,1,0.0042143061,0.0028855698,-0.0004601,-0.000886296,0.0004077862,-0.001548118,0.0025661936,0.0022414331,-0.001658708,0.2637547992,0.0025091828,54,y10,10
2019-01-09,1,-0.000630985,-0.000383703,0.0019395794,0.0024036046,-0.000543891,-0.000376304,0.0071415162,0.0011846614,-0.000062588,0.0025091828,0.2608707574,55,y11,11
2019-01-10,1,0.2334658959,-0.004067668,0.0014445827,0.0014705148,-0.000115424,-0.002420636,-0.0024746,-0.000745106,-0.002863041,0.0031474861,-9.569381E-6,56,y1,1
2019-01-10,1,-0.004067668,0.2286290183,0.0010278388,0.0025730112,-0.003355937,0.0011024636,0.0031744959,-0.001717723,0.0025586528,0.0044100084,-0.000284024,57,y2,2
2019-01-10,1,0.0014445827,0.0010278388,0.2270065434,0.0008191588,-0.00053403,0.0002828197,-0.002965919,0.0048818332,-5.372573E-6,-0.002684198,0.0012442993,58,y3,3
2019-01-10,1,0.0014705148,0.0025730112,0.0008191588,0.2313363361,0.0003631565,0.0016956374,-0.002797041,-0.000724809,0.0022159836,-0.000314406,0.0030076334,59,y4,4
2019-01-10,1,-0.000115424,-0.003355937,-0.00053403,0.0003631565,0.2332779909,-0.001349331,0.0009948738,-0.000316037,-0.004092774,0.0020065356,-0.001057094,60,y5,5
2019-01-10,1,-0.002420636,0.0011024636,0.0002828197,0.0016956374,-0.001349331,0.234771608,-0.000524689,0.001689462,-0.00215606,-0.000651962,0.0000542135,61,y6,6
2019-01-10,1,-0.0024746,0.0031744959,-0.002965919,-0.002797041,0.0009948738,-0.000524689,0.2394143469,0.000608455,-0.004467603,0.0025518885,0.0067252034,62,y7,7
2019-01-10,1,-0.000745106,-0.001717723,0.0048818332,-0.000724809,-0.000316037,0.001689462,0.000608455,0.2274774232,-0.003494327,0.000976935,0.0009776842,63,y8,8
2019-01-10,1,-0.002863041,0.0025586528,-5.372573E-6,0.0022159836,-0.004092774,-0.00215606,-0.004467603,-0.003494327,0.2211563921,-0.00216667,-0.000283742,64,y9,9
2019-01-10,1,0.0031474861,0.0044100084,-0.002684198,-0.000314406,0.0020065356,-0.000651962,0.0025518885,0.000976935,-0.00216667,0.2404406357,0.0004936207,65,y10,10
2019-01-10,1,-9.569381E-6,-0.000284024,0.0012442993,0.0030076334,-0.001057094,0.0000542135,0.0067252034,0.0009776842,-0.000283742,0.0004936207,0.23789873,66,y11,11
2019-01-11,1,0.2160505575,-0.00375238,0.0014941478,0.0027406973,0.000374747,-0.002316309,-0.002520491,0.0004840038,-0.001766597,0.0039673629,0.0002355343,67,y1,1
2019-01-11,1,-0.00375238,0.2108402282,0.0003011418,0.0002419392,-0.003338281,0.0018906295,0.0028311122,-0.002515444,0.002207811,0.0034429617,-0.000626295,68,y2,2
2019-01-11,1,0.0014941478,0.0003011418,0.2105345189,-0.000524062,0.0009820326,-0.000799672,-0.003593061,0.003577257,-0.000365236,-0.002493737,0.0009369629,69,y3,3
2019-01-11,1,0.0027406973,0.0002419392,-0.000524062,0.2115941519,0.0008082288,0.0014314148,-0.002660279,-0.000531133,0.0028309334,-0.000446468,0.0020537123,70,y4,4
2019-01-11,1,0.000374747,-0.003338281,0.0009820326,0.0008082288,0.2179220242,-0.00160022,0.0004221927,0.0000601627,-0.003464089,0.0018969771,-0.000831454,71,y5,5
2019-01-11,1,-0.002316309,0.0018906295,-0.000799672,0.0014314148,-0.00160022,0.2167100847,-0.001854316,0.0017031959,-0.001958537,-0.001551311,-0.000669687,72,y6,6
2019-01-11,1,-0.002520491,0.0028311122,-0.003593061,-0.002660279,0.0004221927,-0.001854316,0.2202110265,0.0014425852,-0.004726117,0.0026247068,0.0063876832,73,y7,7
2019-01-11,1,0.0004840038,-0.002515444,0.003577257,-0.000531133,0.0000601627,0.0017031959,0.0014425852,0.2101518951,-0.003864116,0.0019081753,0.0016287712,74,y8,8
2019-01-11,1,-0.001766597,0.002207811,-0.000365236,0.0028309334,-0.003464089,-0.001958537,-0.004726117,-0.003864116,0.2080135318,-0.002491072,0.0002790587,75,y9,9
2019-01-11,1,0.0039673629,0.0034429617,-0.002493737,-0.000446468,0.0018969771,-0.001551311,0.0026247068,0.0019081753,-0.002491072,0.2230240383,0.000925392,76,y10,10
2019-01-11,1,0.0002355343,-0.000626295,0.0009369629,0.0020537123,-0.000831454,-0.000669687,0.0063876832,0.0016287712,0.0002790587,0.000925392,0.222037228,77,y11,11
2019-01-14,1,0.1998509693,-0.004647565,0.0015253739,0.0014489746,-0.001264192,-0.002275383,-0.001649632,7.4864514E-6,-0.001773642,0.0029316659,-0.000383585,78,y1,1
2019-01-14,1,-0.004647565,0.1923167775,0.0002283545,0.0025344142,-0.003432224,0.0016135175,0.0034588254,-0.001508622,0.0025878249,0.0029903937,-0.000961322,79,y2,2
2019-01-14,1,0.0015253739,0.0002283545,0.1944362973,0.0015213955,0.0014064764,-0.000797961,-0.002310264,0.0044912499,-0.000976016,-0.002228852,0.0011367392,80,y3,3
2019-01-14,1,0.0014489746,0.0025344142,0.0015213955,0.1978400734,0.0009819499,0.0005766462,-0.001945554,-0.00092404,0.0019479769,-0.001438038,0.0017829547,81,y4,4
2019-01-14,1,-0.001264192,-0.003432224,0.0014064764,0.0009819499,0.2041511901,-0.000988543,0.0007806649,-6.878261E-6,-0.003684675,0.0006970053,-0.001403458,82,y5,5
2019-01-14,1,-0.002275383,0.0016135175,-0.000797961,0.0005766462,-0.000988543,0.2000089412,-0.001021763,0.0018631749,-0.003373203,-0.000713179,0.0002591195,83,y6,6
2019-01-14,1,-0.001649632,0.0034588254,-0.002310264,-0.001945554,0.0007806649,-0.001021763,0.2060965193,0.002346413,-0.004093547,0.002250737,0.003914803,84,y7,7
2019-01-14,1,7.4864514E-6,-0.001508622,0.0044912499,-0.00092404,-6.878261E-6,0.0018631749,0.002346413,0.1943340146,-0.002976273,0.0014707471,0.0016653567,85,y8,8
2019-01-14,1,-0.001773642,0.0025878249,-0.000976016,0.0019479769,-0.003684675,-0.003373203,-0.004093547,-0.002976273,0.1887293718,-0.001885387,-0.00027487,86,y9,9
2019-01-14,1,0.0029316659,0.0029903937,-0.002228852,-0.001438038,0.0006970053,-0.000713179,0.002250737,0.0014707471,-0.001885387,0.2099997562,0.0013222785,87,y10,10
2019-01-14,1,-0.000383585,-0.000961322,0.0011367392,0.0017829547,-0.001403458,0.0002591195,0.003914803,0.0016653567,-0.00027487,0.0013222785,0.2047292021,88,y11,11
2019-01-15,1,0.1857297953,-0.003710612,0.0011279048,0.0007396657,0.0002388626,-0.001451698,-0.001701346,-0.000078005,-0.001476949,0.0020898139,-0.000054189,89,y1,1
2019-01-15,1,-0.003710612,0.1779488175,0.0002997283,0.0025475323,-0.003637822,0.0009512783,0.0021250723,-0.00168164,0.0017101242,0.0040422577,-0.000026898,90,y2,2
2019-01-15,1,0.0011279048,0.0002997283,0.1818234818,0.0004854987,0.0007029046,-0.000258142,-0.001938366,0.0040619489,0.0003891735,-0.000464589,0.0006109587,91,y3,3
2019-01-15,1,0.0007396657,0.0025475323,0.0004854987,0.1831491941,0.0003836694,0.0016716223,-0.002776703,-0.001106268,0.0024796126,-0.00127275,0.0033643811,92,y4,4
2019-01-15,1,0.0002388626,-0.003637822,0.0007029046,0.0003836694,0.1894517294,-0.001923588,0.0008631916,0.0007635305,-0.003036893,0.0008846483,-0.001358648,93,y5,5
2019-01-15,1,-0.001451698,0.0009512783,-0.000258142,0.0016716223,-0.001923588,0.1865099978,-0.000492088,0.0008184627,-0.002156602,-0.001302652,0.0003207234,94,y6,6
2019-01-15,1,-0.001701346,0.0021250723,-0.001938366,-0.002776703,0.0008631916,-0.000492088,0.1926179566,0.002080427,-0.002846605,0.0010165714,0.0043999811,95,y7,7
2019-01-15,1,-0.000078005,-0.00168164,0.0040619489,-0.001106268,0.0007635305,0.0008184627,0.002080427,0.1800321861,-0.003067903,0.0015270311,0.0008184828,96,y8,8
2019-01-15,1,-0.001476949,0.0017101242,0.0003891735,0.0024796126,-0.003036893,-0.002156602,-0.002846605,-0.003067903,0.1768097281,-0.001363666,-0.000727249,97,y9,9
2019-01-15,1,0.0020898139,0.0040422577,-0.000464589,-0.00127275,0.0008846483,-0.001302652,0.0010165714,0.0015270311,-0.001363666,0.1901792928,0.0011868292,98,y10,10
2019-01-15,1,-0.000054189,-0.000026898,0.0006109587,0.0033643811,-0.001358648,0.0003207234,0.0043999811,0.0008184828,-0.000727249,0.0011868292,0.1928155659,99,y11,11
2019-01-16,1,0.1737505716,-0.004342009,0.0006611531,0.0014505303,0.0003480312,-0.001331027,-0.001805953,-0.000069995,-0.001261862,0.0016157998,0.000158853,100,y1,1
2019-01-16,1,-0.004342009,0.1634898923,-0.000209239,0.0018310567,-0.003152444,0.0018783196,0.0011851923,-0.001428733,0.0013931695,0.0047000662,0.0001237152,101,y2,2
2019-01-16,1,0.0006611531,-0.000209239,0.1708252405,-0.000493669,0.0001988992,-0.001051308,-0.001822096,0.0034291685,-0.000492534,-0.001505661,0.0007915085,102,y3,3
2019-01-16,1,0.0014505303,0.0018310567,-0.000493669,0.1721366046,0.0007050946,0.000702093,-0.002331728,-0.000924926,0.0020202009,-0.000639115,0.0016307827,103,y4,4
2019-01-16,1,0.0003480312,-0.003152444,0.0001988992,0.0007050946,0.1783821845,-0.002268162,0.0005676934,-0.000503521,-0.002068779,0.0003381501,-0.000530605,104,y5,5
2019-01-16,1,-0.001331027,0.0018783196,-0.001051308,0.000702093,-0.002268162,0.1767649894,0.0004268448,0.001491303,-0.003119967,-0.000990364,-0.000445972,105,y6,6
2019-01-16,1,-0.001805953,0.0011851923,-0.001822096,-0.002331728,0.0005676934,0.0004268448,0.1789631242,0.002006242,-0.003107535,0.0025352236,0.0038286804,106,y7,7
2019-01-16,1,-0.000069995,-0.001428733,0.0034291685,-0.000924926,-0.000503521,0.001491303,0.002006242,0.1664264734,-0.002873817,0.0005819154,0.00035989,107,y8,8
2019-01-16,1,-0.001261862,0.0013931695,-0.000492534,0.0020202009,-0.002068779,-0.003119967,-0.003107535,-0.002873817,0.1657972743,-0.001700756,-0.000443923,108,y9,9
2019-01-16,1,0.0016157998,0.0047000662,-0.001505661,-0.000639115,0.0003381501,-0.000990364,0.0025352236,0.0005819154,-0.001700756,0.1796231339,0.0017566718,109,y10,10
2019-01-16,1,0.000158853,0.0001237152,0.0007915085,0.0016307827,-0.000530605,-0.000445972,0.0038286804,0.00035989,-0.000443923,0.0017566718,0.1776465707,110,y11,11
2019-01-17,1,0.1638009566,-0.00397241,0.0017571747,0.0014785663,-0.000630695,-0.001378774,-0.00211985,-0.000357405,-0.001273986,0.0017880267,-0.000338927,111,y1,1
2019-01-17,1,-0.00397241,0.1521121882,0.0000253759,0.001951559,-0.002911171,0.0018494727,0.0016461109,-0.001123685,0.0021044475,0.0036871888,-0.000084265,112,y2,2
2019-01-17,1,0.0017571747,0.0000253759,0.1610930008,0.0004052388,-0.000446365,-0.000576256,-0.002558212,0.00321494,-0.00070965,-0.001592154,0.0009685161,113,y3,3
2019-01-17,1,0.0014785663,0.001951559,0.0004052388,0.1603096002,0.0003685887,0.0002472448,-0.0020078,-0.000777273,0.0022686745,0.0000414103,0.0019208506,114,y4,4
2019-01-17,1,-0.000630695,-0.002911171,-0.000446365,0.0003685887,0.1668232728,-0.002277414,0.0008380028,-0.00014315,-0.002520522,0.0002910533,-0.000707476,115,y5,5
2019-01-17,1,-0.001378774,0.0018494727,-0.000576256,0.0002472448,-0.002277414,0.166585456,-0.000701499,0.0011932819,-0.001352347,-0.001669735,0.0004215368,116,y6,6
2019-01-17,1,-0.00211985,0.0016461109,-0.002558212,-0.0020078,0.0008380028,-0.000701499,0.1710044292,0.0014608375,-0.003173953,0.002731646,0.0043658145,117,y7,7
2019-01-17,1,-0.000357405,-0.001123685,0.00321494,-0.000777273,-0.00014315,0.0011932819,0.0014608375,0.1556393469,-0.003370371,0.0012456396,0.0004270166,118,y8,8
2019-01-17,1,-0.001273986,0.0021044475,-0.00070965,0.0022686745,-0.002520522,-0.001352347,-0.003173953,-0.003370371,0.15471464,-0.000561292,0.0002402813,119,y9,9
2019-01-17,1,0.0017880267,0.0036871888,-0.001592154,0.0000414103,0.0002910533,-0.001669735,0.002731646,0.0012456396,-0.000561292,0.1676700123,0.0016505671,120,y10,10
2019-01-17,1,-0.000338927,-0.000084265,0.0009685161,0.0019208506,-0.000707476,0.0004215368,0.0043658145,0.0004270166,0.0002402813,0.0016505671,0.1661615698,121,y11,11
2019-01-18,1,0.1534021557,-0.004444679,0.0004374599,0.0009075179,-0.000096628,-0.001307724,-0.001772022,-0.001149118,-0.001473978,0.0011996996,0.0003157858,122,y1,1
2019-01-18,1,-0.004444679,0.1419844803,4.4286945E-6,0.0026113039,-0.002564803,0.0013232006,0.00248172,-0.00176048,0.0017830665,0.0031295132,0.0009728625,123,y2,2
2019-01-18,1,0.0004374599,4.4286945E-6,0.1517316384,-0.000814387,0.0001874822,0.000295918,-0.001475632,0.0030178701,-0.000434188,-0.00114983,0.0005160469,124,y3,3
2019-01-18,1,0.0009075179,0.0026113039,-0.000814387,0.1516744711,0.0002550047,0.0003115234,-0.002146087,-0.0009194,0.0026046868,-0.000703712,0.0023773041,125,y4,4
2019-01-18,1,-0.000096628,-0.002564803,0.0001874822,0.0002550047,0.1599366506,-0.001892803,0.0004964606,0.0004771809,-0.002971075,0.0009604842,-0.001200638,126,y5,5
2019-01-18,1,-0.001307724,0.0013232006,0.000295918,0.0003115234,-0.001892803,0.1551152201,-0.000254025,0.0020522405,-0.002455868,-0.001614284,0.0004169012,127,y6,6
2019-01-18,1,-0.001772022,0.00248172,-0.001475632,-0.002146087,0.0004964606,-0.000254025,0.157954178,0.0011310832,-0.002004044,0.002383425,0.0036652829,128,y7,7
2019-01-18,1,-0.001149118,-0.00176048,0.0030178701,-0.0009194,0.0004771809,0.0020522405,0.0011310832,0.1477915441,-0.002415737,0.0012491224,-0.000081246,129,y8,8
2019-01-18,1,-0.001473978,0.0017830665,-0.000434188,0.0026046868,-0.002971075,-0.002455868,-0.002004044,-0.002415737,0.1450261871,-0.000858747,0.0003657655,130,y9,9
2019-01-18,1,0.0011996996,0.0031295132,-0.00114983,-0.000703712,0.0009604842,-0.001614284,0.002383425,0.0012491224,-0.000858747,0.1570250294,0.001200849,131,y10,10
2019-01-18,1,0.0003157858,0.0009728625,0.0005160469,0.0023773041,-0.001200638,0.0004169012,0.0036652829,-0.000081246,0.0003657655,0.001200849,0.1552212949,132,y11,11
2019-01-22,1,0.1454268867,-0.004528911,0.0010435133,0.0005781792,-0.000358339,-0.001578065,-0.0019621,-0.000698719,-0.0015158,0.0011631682,-0.000025474,133,y1,1
2019-01-22,1,-0.004528911,0.1323889092,0.0005908116,0.0025543543,-0.002547526,0.0014100395,0.0014663117,-0.002301661,0.002099226,0.0033941839,0.0003896437,134,y2,2
2019-01-22,1,0.0010435133,0.0005908116,0.1434173606,0.0000258411,0.0003773269,-0.000223796,-0.002222163,0.0032772783,-0.000217875,-0.001098831,0.0001231921,135,y3,3
2019-01-22,1,0.0005781792,0.0025543543,0.0000258411,0.1432611504,0.0007702936,0.0004311588,-0.002295685,-0.000702893,0.0022399227,-0.001296862,0.0020476019,136,y4,4
2019-01-22,1,-0.000358339,-0.002547526,0.0003773269,0.0007702936,0.1506154589,-0.001428584,0.0004068583,0.0000462944,-0.002491571,0.0016275187,-0.000550862,137,y5,5
2019-01-22,1,-0.001578065,0.0014100395,-0.000223796,0.0004311588,-0.001428584,0.148484979,0.0001064739,0.0013019931,-0.002223876,-0.000470642,-0.000189028,138,y6,6
2019-01-22,1,-0.0019621,0.0014663117,-0.002222163,-0.002295685,0.0004068583,0.0001064739,0.1500077108,0.0016416181,-0.003206314,0.0018911352,0.0031405017,139,y7,7
2019-01-22,1,-0.000698719,-0.002301661,0.0032772783,-0.000702893,0.0000462944,0.0013019931,0.0016416181,0.1386168144,-0.00144282,0.0013069124,0.0001833929,140,y8,8
2019-01-22,1,-0.0015158,0.002099226,-0.000217875,0.0022399227,-0.002491571,-0.002223876,-0.003206314,-0.00144282,0.135783902,-0.000633433,3.7930786E-6,141,y9,9
2019-01-22,1,0.0011631682,0.0033941839,-0.001098831,-0.001296862,0.0016275187,-0.000470642,0.0018911352,0.0013069124,-0.000633433,0.1482736138,0.0006262507,142,y10,10
2019-01-22,1,-0.000025474,0.0003896437,0.0001231921,0.0020476019,-0.000550862,-0.000189028,0.0031405017,0.0001833929,3.7930786E-6,0.0006262507,0.1454470873,143,y11,11
2019-01-23,1,0.1380036002,-0.004110016,0.0008758949,0.0010694163,-0.000131062,-0.001522058,-0.002121851,-0.000334948,-0.000729692,0.0011827824,0.0001437815,144,y1,1
2019-01-23,1,-0.004110016,0.1237329071,0.0005623465,0.0019484728,-0.002620266,0.0006654419,0.0012516392,-0.001602025,0.0024518635,0.0030295787,0.0009602721,145,y2,2
2019-01-23,1,0.0008758949,0.0005623465,0.1356308679,0.0002058543,0.0004106187,-0.00004958,-0.00116355,0.0031132065,-0.000392385,-0.001132719,0.0007659465,146,y3,3
2019-01-23,1,0.0010694163,0.0019484728,0.0002058543,0.1345720508,0.0001684878,0.0011480681,-0.002460967,-0.000986065,0.0018212682,-0.001048922,0.0016001927,147,y4,4
2019-01-23,1,-0.000131062,-0.002620266,0.0004106187,0.0001684878,0.1438628329,-0.001430304,0.0005529115,0.0002196549,-0.002244395,-0.000023212,-0.000647545,148,y5,5
2019-01-23,1,-0.001522058,0.0006654419,-0.00004958,0.0011480681,-0.001430304,0.13993831,-0.000335609,0.0012854679,-0.001588447,-0.001053807,0.0000372946,149,y6,6
2019-01-23,1,-0.002121851,0.0012516392,-0.00116355,-0.002460967,0.0005529115,-0.000335609,0.1420239302,0.0014794571,-0.002295263,0.0014622851,0.0031967583,150,y7,7
2019-01-23,1,-0.000334948,-0.001602025,0.0031132065,-0.000986065,0.0002196549,0.0012854679,0.0014794571,0.1311633147,-0.002146074,0.0010829424,0.0005836952,151,y8,8
2019-01-23,1,-0.000729692,0.0024518635,-0.000392385,0.0018212682,-0.002244395,-0.001588447,-0.002295263,-0.002146074,0.1277154992,-0.001405863,-0.000551999,152,y9,9
2019-01-23,1,0.0011827824,0.0030295787,-0.001132719,-0.001048922,-0.000023212,-0.001053807,0.0014622851,0.0010829424,-0.001405863,0.1383517588,0.0011876556,153,y10,10
2019-01-23,1,0.0001437815,0.0009602721,0.0007659465,0.0016001927,-0.000647545,0.0000372946,0.0031967583,0.0005836952,-0.000551999,0.0011876556,0.136770175,154,y11,11
2019-01-24,1,0.1311646325,-0.003652358,0.0013028168,0.0010004746,-0.000021512,-0.001312117,-0.002029965,-0.000862485,-0.001112346,0.0007800155,0.000263819,155,y1,1
2019-01-24,1,-0.003652358,0.1153441112,0.0002898164,0.0017974305,-0.002353725,0.0006653623,0.0012630668,-0.001719393,0.0017547795,0.0026875815,0.0009023399,156,y2,2
2019-01-24,1,0.0013028168,0.0002898164,0.1281051102,-0.000223585,0.0000842722,0.0004127107,-0.001592977,0.0023314319,-0.000284037,-0.001259716,0.0008468473,157,y3,3
2019-01-24,1,0.0010004746,0.0017974305,-0.000223585,0.1285995675,0.0004203781,0.0005492457,-0.00221677,-0.001050529,0.0026756941,-0.001021773,0.0015217293,158,y4,4
2019-01-24,1,-0.000021512,-0.002353725,0.0000842722,0.0004203781,0.1361087322,-0.001087364,0.0002329242,0.0000343123,-0.002738648,0.0007047409,-0.000446326,159,y5,5
2019-01-24,1,-0.001312117,0.0006653623,0.0004127107,0.0005492457,-0.001087364,0.1328912016,-0.00026951,0.0007863733,-0.002008349,-0.001175344,0.000173869,160,y6,6
2019-01-24,1,-0.002029965,0.0012630668,-0.001592977,-0.00221677,0.0002329242,-0.00026951,0.1343918003,0.0015951082,-0.002690733,0.0015161299,0.0029486635,161,y7,7
2019-01-24,1,-0.000862485,-0.001719393,0.0023314319,-0.001050529,0.0000343123,0.0007863733,0.0015951082,0.1244362534,-0.002070486,0.0007872455,0.000049407,162,y8,8
2019-01-24,1,-0.001112346,0.0017547795,-0.000284037,0.0026756941,-0.002738648,-0.002008349,-0.002690733,-0.002070486,0.1217722128,-0.00098349,-0.000041651,163,y9,9
2019-01-24,1,0.0007800155,0.0026875815,-0.001259716,-0.001021773,0.0007047409,-0.001175344,0.0015161299,0.0007872455,-0.00098349,0.1319983719,0.0002872824,164,y10,10
2019-01-24,1,0.000263819,0.0009023399,0.0008468473,0.0015217293,-0.000446326,0.000173869,0.0029486635,0.000049407,-0.000041651,0.0002872824,0.1296915754,165,y11,11
2019-01-25,1,0.1246099499,-0.003451581,0.0008821561,0.0008810955,-0.000047398,-0.000911553,-0.002436376,-0.000932134,-0.00120325,0.0010422639,0.0002061872,166,y1,1
2019-01-25,1,-0.003451581,0.1074591705,0.0005764681,0.0016982607,-0.002479596,0.0003603688,0.0011690968,-0.000799966,0.0014093544,0.0026261294,0.0006233418,167,y2,2
2019-01-25,1,0.0008821561,0.0005764681,0.1217004714,-0.000393962,0.0005117074,0.0000675129,-0.001302027,0.0029451769,-0.000528126,-0.001568368,0.0003387499,168,y3,3
2019-01-25,1,0.0008810955,0.0016982607,-0.000393962,0.121440977,0.0002031644,0.0005308465,-0.001933418,-0.000500027,0.0021190597,-0.000526529,0.0012666331,169,y4,4
2019-01-25,1,-0.000047398,-0.002479596,0.0005117074,0.0002031644,0.1292052593,-0.00079107,0.0003896476,-0.000123343,-0.002321737,0.0002573426,-0.000447649,170,y5,5
2019-01-25,1,-0.000911553,0.0003603688,0.0000675129,0.0005308465,-0.00079107,0.1269800703,-0.000623813,0.0011953296,-0.001850355,-0.001156043,-0.000012201,171,y6,6
2019-01-25,1,-0.002436376,0.0011690968,-0.001302027,-0.001933418,0.0003896476,-0.000623813,0.1288369227,0.0017206487,-0.002197391,0.0014526268,0.0030339288,172,y7,7
2019-01-25,1,-0.000932134,-0.000799966,0.0029451769,-0.000500027,-0.000123343,0.0011953296,0.0017206487,0.1170450629,-0.002205259,0.0017188426,0.0009391167,173,y8,8
2019-01-25,1,-0.00120325,0.0014093544,-0.000528126,0.0021190597,-0.002321737,-0.001850355,-0.002197391,-0.002205259,0.1141523206,-0.001458885,-0.000345094,174,y9,9
2019-01-25,1,0.0010422639,0.0026261294,-0.001568368,-0.000526529,0.0002573426,-0.001156043,0.0014526268,0.0017188426,-0.001458885,0.1234405136,0.0013423085,175,y10,10
2019-01-25,1,0.0002061872,0.0006233418,0.0003387499,0.0012666331,-0.000447649,-0.000012201,0.0030339288,0.0009391167,-0.000345094,0.0013423085,0.1210090081,176,y11,11
2019-01-28,1,0.1187881318,-0.003869999,0.0013407326,0.0010235535,0.0002519221,-0.001014115,-0.002276953,-0.001094236,-0.000464574,0.0007562413,0.0005478257,177,y1,1
2019-01-28,1,-0.003869999,0.1011042702,0.0001669839,0.0022669449,-0.002881115,0.0006814178,0.0011546491,-0.001488528,0.0012867053,0.0028505613,0.0009040788,178,y2,2
2019-01-28,1,0.0013407326,0.0001669839,0.1146430611,-0.000308818,0.0005487097,3.4828087E-6,-0.001689244,0.0026213213,-0.000173912,-0.000868521,0.0003342971,179,y3,3
2019-01-28,1,0.0010235535,0.0022669449,-0.000308818,0.1160523569,-0.000027848,0.0006258717,-0.001825233,-0.000463129,0.0018391749,-0.000305959,0.0011793032,180,y4,4
2019-01-28,1,0.0002519221,-0.002881115,0.0005487097,-0.000027848,0.1243076199,-0.001147562,0.0008521413,-0.000475359,-0.002351494,0.0003407318,-0.000630749,181,y5,5
2019-01-28,1,-0.001014115,0.0006814178,3.4828087E-6,0.0006258717,-0.001147562,0.1205295801,-0.000464923,0.0011400851,-0.001514481,-0.000742597,-0.000889954,182,y6,6
2019-01-28,1,-0.002276953,0.0011546491,-0.001689244,-0.001825233,0.0008521413,-0.000464923,0.122097056,0.0014554312,-0.002411584,0.0014902769,0.0024422906,183,y7,7
2019-01-28,1,-0.001094236,-0.001488528,0.0026213213,-0.000463129,-0.000475359,0.0011400851,0.0014554312,0.1100984297,-0.002007177,0.0008856782,0.0004595081,184,y8,8
2019-01-28,1,-0.000464574,0.0012867053,-0.000173912,0.0018391749,-0.002351494,-0.001514481,-0.002411584,-0.002007177,0.1089239637,-0.000489643,-0.000127138,185,y9,9
2019-01-28,1,0.0007562413,0.0028505613,-0.000868521,-0.000305959,0.0003407318,-0.000742597,0.0014902769,0.0008856782,-0.000489643,0.1168090368,0.0007106089,186,y10,10
2019-01-28,1,0.0005478257,0.0009040788,0.0003342971,0.0011793032,-0.000630749,-0.000889954,0.0024422906,0.0004595081,-0.000127138,0.0007106089,0.1153981132,187,y11,11
2019-01-29,1,0.1137579637,-0.00404235,0.0008668947,0.0012210793,-0.000159422,-0.001078178,-0.001643469,-0.000810652,-0.000887804,0.0013508382,0.0001855516,188,y1,1
2019-01-29,1,-0.00404235,0.095844451,0.0001987935,0.001627611,-0.002702883,0.0006484135,0.0011434745,-0.000957095,0.0017243455,0.0030078091,0.0007022413,189,y2,2
2019-01-29,1,0.0008668947,0.0001987935,0.1100929972,0.0001084286,0.0002498466,-0.000025978,-0.001837817,0.0026692085,-0.000102069,-0.000971142,0.0002322816,190,y3,3
2019-01-29,1,0.0012210793,0.001627611,0.0001084286,0.1105962603,0.000707982,0.0005608502,-0.001889855,-0.000631006,0.0012189205,-0.00023311,0.0009552075,191,y4,4
2019-01-29,1,-0.000159422,-0.002702883,0.0002498466,0.000707982,0.1185280634,-0.001286244,0.000297356,0.000223337,-0.001765464,0.0007769958,-0.000874563,192,y5,5
2019-01-29,1,-0.001078178,0.0006484135,-0.000025978,0.0005608502,-0.001286244,0.116760042,-0.000573486,0.000875874,-0.001375417,-0.000865933,-0.000452457,193,y6,6
2019-01-29,1,-0.001643469,0.0011434745,-0.001837817,-0.001889855,0.000297356,-0.000573486,0.1174007766,0.0007553494,-0.00257322,0.0013072009,0.0019845814,194,y7,7
2019-01-29,1,-0.000810652,-0.000957095,0.0026692085,-0.000631006,0.000223337,0.000875874,0.0007553494,0.1061246634,-0.001755196,0.0009422994,0.0004738777,195,y8,8
2019-01-29,1,-0.000887804,0.0017243455,-0.000102069,0.0012189205,-0.001765464,-0.001375417,-0.00257322,-0.001755196,0.1027491503,-0.000709871,-0.000052144,196,y9,9
2019-01-29,1,0.0013508382,0.0030078091,-0.000971142,-0.00023311,0.0007769958,-0.000865933,0.0013072009,0.0009422994,-0.000709871,0.1108827058,0.0002981831,197,y10,10
2019-01-29,1,0.0001855516,0.0007022413,0.0002322816,0.0009552075,-0.000874563,-0.000452457,0.0019845814,0.0004738777,-0.000052144,0.0002981831,0.1113146459,198,y11,11
2019-01-30,1,0.1084776306,-0.003918965,0.0009982359,0.0007685826,-0.00014775,-0.001045074,-0.001923236,-0.001073001,-0.000488307,0.0008922122,0.0004552742,199,y1,1
2019-01-30,1,-0.003918965,0.0902556459,0.0000821779,0.0016462597,-0.002405623,0.0009065286,0.0010956017,-0.001120414,0.0010721853,0.0029047606,0.0007506123,200,y2,2
2019-01-30,1,0.0009982359,0.0000821779,0.1046124223,-0.000312634,0.000074748,-0.000254224,-0.001473182,0.0021679773,-3.428558E-6,-0.000896504,0.0007735751,201,y3,3
2019-01-30,1,0.0007685826,0.0016462597,-0.000312634,0.1049139834,0.0004193765,0.000534081,-0.001619831,-0.000274261,0.00135181,-0.000624725,0.0010690144,202,y4,4
2019-01-30,1,-0.00014775,-0.002405623,0.000074748,0.0004193765,0.1132573079,-0.000791847,0.0000519638,0.0000803309,-0.002090294,0.0003162379,-0.00082982,203,y5,5
2019-01-30,1,-0.001045074,0.0009065286,-0.000254224,0.000534081,-0.000791847,0.1124136815,-0.000300906,0.0006047149,-0.00129388,-0.000962261,-0.000551594,204,y6,6
2019-01-30,1,-0.001923236,0.0010956017,-0.001473182,-0.001619831,0.0000519638,-0.000300906,0.1112711059,0.0015250234,-0.00170126,0.0013922824,0.002627058,205,y7,7
2019-01-30,1,-0.001073001,-0.001120414,0.0021679773,-0.000274261,0.0000803309,0.0006047149,0.0015250234,0.1010532941,-0.001592825,0.0013251549,0.001012899,206,y8,8
2019-01-30,1,-0.000488307,0.0010721853,-3.428558E-6,0.00135181,-0.002090294,-0.00129388,-0.00170126,-0.001592825,0.0974336329,-0.000932238,-0.000283496,207,y9,9
2019-01-30,1,0.0008922122,0.0029047606,-0.000896504,-0.000624725,0.0003162379,-0.000962261,0.0013922824,0.0013251549,-0.000932238,0.1039010765,0.0010825817,208,y10,10
2019-01-30,1,0.0004552742,0.0007506123,0.0007735751,0.0010690144,-0.00082982,-0.000551594,0.002627058,0.001012899,-0.000283496,0.0010825817,0.1057160428,209,y11,11
2019-01-31,1,0.1036169989,-0.003681443,0.0006751222,0.0006571781,0.0002912133,-0.001417472,-0.001786902,-0.001001583,-0.000583078,0.0005671201,0.0001930628,210,y1,1
2019-01-31,1,-0.003681443,0.085041648,0.0001600927,0.0015681776,-0.002610107,0.0012013105,0.0011392437,-0.00089354,0.0013056682,0.0025148604,0.0005338576,211,y2,2
2019-01-31,1,0.0006751222,0.0001600927,0.0996696993,-0.000293967,0.0000202347,0.0002477346,-0.001354473,0.0025482248,-0.00031048,-0.000936481,0.0004210498,212,y3,3
2019-01-31,1,0.0006571781,0.0015681776,-0.000293967,0.100429035,0.0003381,0.0008868703,-0.001310313,-0.000568549,0.0012366998,-0.000390488,0.0013814684,213,y4,4
2019-01-31,1,0.0002912133,-0.002610107,0.0000202347,0.0003381,0.1093574796,-0.001198034,0.0001276186,-0.000015562,-0.001708825,0.0008693479,-0.001005938,214,y5,5
2019-01-31,1,-0.001417472,0.0012013105,0.0002477346,0.0008868703,-0.001198034,0.1074883315,-0.000543006,0.0010187107,-0.001322593,-0.000765633,-0.000479889,215,y6,6
2019-01-31,1,-0.001786902,0.0011392437,-0.001354473,-0.001310313,0.0001276186,-0.000543006,0.1064110549,0.0013601692,-0.002167195,0.001288885,0.0022951741,216,y7,7
2019-01-31,1,-0.001001583,-0.00089354,0.0025482248,-0.000568549,-0.000015562,0.0010187107,0.0013601692,0.0958355462,-0.001565683,0.001076008,0.0001904037,217,y8,8
2019-01-31,1,-0.000583078,0.0013056682,-0.00031048,0.0012366998,-0.001708825,-0.001322593,-0.002167195,-0.001565683,0.0927254282,-0.000052692,-0.00003781,218,y9,9
2019-01-31,1,0.0005671201,0.0025148604,-0.000936481,-0.000390488,0.0008693479,-0.000765633,0.001288885,0.001076008,-0.000052692,0.099033134,0.000491629,219,y10,10
2019-01-31,1,0.0001930628,0.0005338576,0.0004210498,0.0013814684,-0.001005938,-0.000479889,0.0022951741,0.0001904037,-0.00003781,0.000491629,0.099758756,220,y11,11
2019-02-01,1,0.0993347354,-0.003515397,0.0006685708,0.0007084364,0.0004312119,-0.001147557,-0.00206678,-0.000847914,-0.000127568,0.0003484664,0.000063129,221,y1,1
2019-02-01,1,-0.003515397,0.0804226659,0.000423378,0.0017885445,-0.002584154,0.0010006787,0.0011300613,-0.001003147,0.0009597749,0.0028984354,0.0009883089,222,y2,2
2019-02-01,1,0.0006685708,0.000423378,0.0955908055,-0.000109192,0.0000481908,0.0000931046,-0.001259438,0.0022952474,0.0001817216,-0.000820556,0.0002843355,223,y3,3
2019-02-01,1,0.0007084364,0.0017885445,-0.000109192,0.0969545209,0.0003339174,0.0007483608,-0.001679399,-0.000305458,0.0014364506,-0.000338969,0.0008060824,224,y4,4
2019-02-01,1,0.0004312119,-0.002584154,0.0000481908,0.0003339174,0.1040107085,-0.000949644,0.0005008472,2.8655788E-7,-0.001481932,0.000693542,-0.000655661,225,y5,5
2019-02-01,1,-0.001147557,0.0010006787,0.0000931046,0.0007483608,-0.000949644,0.1024615233,-0.000765668,0.0008993953,-0.000831119,-0.000736083,-0.000196982,226,y6,6
2019-02-01,1,-0.00206678,0.0011300613,-0.001259438,-0.001679399,0.0005008472,-0.000765668,0.1020381699,0.0016576154,-0.001946897,0.001473863,0.0024066262,227,y7,7
2019-02-01,1,-0.000847914,-0.001003147,0.0022952474,-0.000305458,2.8655788E-7,0.0008993953,0.0016576154,0.0926051986,-0.001508866,0.0008651935,-0.000075613,228,y8,8
2019-02-01,1,-0.000127568,0.0009597749,0.0001817216,0.0014364506,-0.001481932,-0.000831119,-0.001946897,-0.001508866,0.088784466,-0.000531166,-0.00019741,229,y9,9
2019-02-01,1,0.0003484664,0.0028984354,-0.000820556,-0.000338969,0.000693542,-0.000736083,0.001473863,0.0008651935,-0.000531166,0.0930653038,0.0005061346,230,y10,10
2019-02-01,1,0.000063129,0.0009883089,0.0002843355,0.0008060824,-0.000655661,-0.000196982,0.0024066262,-0.000075613,-0.00019741,0.0005061346,0.0950472855,231,y11,11
2019-02-04,1,0.0954101501,-0.003514602,0.0007208108,0.0003558438,0.0000250377,-0.001192945,-0.001867281,-0.001042212,-0.000236561,0.0002114141,0.0000457047,232,y1,1
2019-02-04,1,-0.003514602,0.0758560697,0.0001477077,0.0017128544,-0.002309292,0.0009331013,0.0011152573,-0.001011614,0.0012154477,0.0027181398,0.000756609,233,y2,2
2019-02-04,1,0.0007208108,0.0001477077,0.0903904255,-0.000233573,0.0005304995,-0.000301141,-0.001249773,0.00224792,0.0001144491,-0.000864032,0.000069172,234,y3,3
2019-02-04,1,0.0003558438,0.0017128544,-0.000233573,0.0924705527,0.0004393418,0.0006058281,-0.001374025,-0.00038935,0.0011997613,-0.000434694,0.0010515789,235,y4,4
2019-02-04,1,0.0000250377,-0.002309292,0.0005304995,0.0004393418,0.1001897494,-0.00091375,0.0004321993,-0.000172347,-0.001747055,0.0005110039,-0.000657336,236,y5,5
2019-02-04,1,-0.001192945,0.0009331013,-0.000301141,0.0006058281,-0.00091375,0.0988511231,-0.000468416,0.0008538742,-0.001081794,-0.000585815,-0.000080358,237,y6,6
2019-02-04,1,-0.001867281,0.0011152573,-0.001249773,-0.001374025,0.0004321993,-0.000468416,0.0995117278,0.0008595653,-0.00201161,0.0016040128,0.0019745495,238,y7,7
2019-02-04,1,-0.001042212,-0.001011614,0.00224792,-0.00038935,-0.000172347,0.0008538742,0.0008595653,0.0885972895,-0.000884743,0.0004134277,0.0004496231,239,y8,8
2019-02-04,1,-0.000236561,0.0012154477,0.0001144491,0.0011997613,-0.001747055,-0.001081794,-0.00201161,-0.000884743,0.0842673228,-0.000859734,0.0001323924,240,y9,9
2019-02-04,1,0.0002114141,0.0027181398,-0.000864032,-0.000434694,0.0005110039,-0.000585815,0.0016040128,0.0004134277,-0.000859734,0.0896878944,0.0006541275,241,y10,10
2019-02-04,1,0.0000457047,0.000756609,0.000069172,0.0010515789,-0.000657336,-0.000080358,0.0019745495,0.0004496231,0.0001323924,0.0006541275,0.0903999993,242,y11,11
2019-02-05,1,0.0917031362,-0.00317285,0.0006533166,0.0005084501,-0.000089241,-0.000941049,-0.001749113,-0.000962772,-0.000131379,0.0002170284,0.0001518265,243,y1,1
2019-02-05,1,-0.00317285,0.0722766186,0.000248098,0.0017614363,-0.002158512,0.0009545594,0.0007876776,-0.000712475,0.0008555856,0.0025818703,0.0008789002,244,y2,2
